1606238979 2008
1606246180 3038
1606318264 3037
1606318446 3116
1606349652 5701
1606349969 5712
1606569738 6017
1606657483 6061
1606657565 6061
1606657858 6061
1606753821 7919
1606772810 10891
1606773080 11077
1607359130 11074
1607450920 11314
1607604040 11330
1607604654 11331
1607612195 11759
1607612927 15138
1607614241 15139
1607620117 15000
1607620177 15044
1607621790 15136
1608137281 14995
1608167878 14794
1608213183 15476
1608215587 15798
1608218906 15810
1608220070 15845
1608220284 16002
1608220338 16002
1608220669 16002
1608223066 16301
1608223153 16449
1608225915 16618
1608244998 17473
1608249171 63265
1608249532 63265
1608473983 142578
1608474358 144118
1608476343 144085
1608480598 149342
1608511581 149491
1608511720 149491
